	755160.277178	655269.061945	20.000000	165.330856	500.000000
	755160.277178	655279.061945	10.000000	161.083054	500.000000
	755160.277178	655289.061945	0.000000	158.924835	800.000000
	755190.277178	655339.061945	38.284271	165.823853	3900.000000
	755180.277178	655329.061945	24.142136	162.635590	4000.000000
	755170.277178	655329.061945	14.142136	160.428818	4000.000000
	755160.277178	655319.061945	0.000000	157.900269	4100.000000
	755280.277178	655429.061945	165.563492	179.205978	2400.000000
	755270.277178	655419.061945	151.421356	178.292480	2600.000000
	755260.277178	655409.061945	137.279221	177.380890	2800.000000
	755250.277178	655399.061945	123.137085	176.466904	3100.000000
	755240.277178	655389.061945	108.994949	175.535522	3200.000000
	755230.277178	655379.061945	94.852814	174.334198	3300.000000
	755220.277178	655369.061945	80.710678	172.639160	3300.000000
	755210.277178	655359.061945	66.568542	170.406036	3400.000000
	755200.277178	655349.061945	52.426407	168.498856	3400.000000
	755190.277178	655339.061945	38.284271	165.823853	3900.000000
	755680.277178	655409.061945	1115.979980	240.045013	2700.000000
	755680.277178	655409.061945	1115.979980	240.045013	2700.000000
	756000.277178	655309.061945	130.000000	247.005661	500.000000
	756010.277178	655309.061945	120.000000	243.703613	600.000000
	756020.277178	655309.061945	110.000000	240.224503	700.000000
	756030.277178	655309.061945	100.000000	236.813629	800.000000
	756040.277178	655309.061945	90.000000	233.164215	900.000000
	756050.277178	655309.061945	80.000000	229.228256	1000.000000
	756060.277178	655309.061945	70.000000	224.888733	1100.000000
	756070.277178	655309.061945	60.000000	220.481125	1200.000000
	756080.277178	655309.061945	50.000000	216.314026	1300.000000
	756090.277178	655309.061945	40.000000	212.228302	1400.000000
	756100.277178	655309.061945	30.000000	208.865921	1500.000000
	756110.277178	655309.061945	20.000000	205.631393	1500.000000
	756120.277178	655309.061945	10.000000	202.660324	1500.000000
	756130.277178	655309.061945	0.000000	200.056229	1500.000000
	755200.277178	655339.061945	48.284271	167.755005	500.000000
	755190.277178	655339.061945	38.284271	165.823853	3900.000000
	755700.277178	655419.061945	1140.122070	242.960876	600.000000
	755690.277178	655409.061945	1125.979980	240.873413	800.000000
	755680.277178	655409.061945	1115.979980	240.045013	2700.000000
	755680.277178	655419.061945	1125.979980	241.045807	600.000000
	755680.277178	655409.061945	1115.979980	240.045013	2700.000000
	755620.277178	655429.061945	1184.264160	253.166290	500.000000
	755630.277178	655429.061945	1174.264160	250.478409	600.000000
	755640.277178	655429.061945	1164.264160	248.294922	600.000000
	755650.277178	655419.061945	1150.122070	245.408264	800.000000
	755660.277178	655419.061945	1140.122070	243.295227	800.000000
	755670.277178	655409.061945	1125.979980	240.870438	900.000000
	755680.277178	655409.061945	1115.979980	240.045013	2700.000000
	755430.277178	655429.061945	315.563477	220.789978	500.000000
	755420.277178	655429.061945	305.563477	217.665497	600.000000
	755410.277178	655429.061945	295.563477	214.131195	700.000000
	755400.277178	655429.061945	285.563477	210.198608	800.000000
	755390.277178	655429.061945	275.563477	206.179123	900.000000
	755380.277178	655429.061945	265.563477	202.129456	1000.000000
	755370.277178	655429.061945	255.563492	198.752045	1100.000000
	755360.277178	655429.061945	245.563492	195.593719	1100.000000
	755350.277178	655429.061945	235.563492	192.664566	1100.000000
	755340.277178	655429.061945	225.563492	190.024277	1100.000000
	755330.277178	655429.061945	215.563492	187.736557	1100.000000
	755320.277178	655429.061945	205.563492	185.501923	1100.000000
	755310.277178	655429.061945	195.563492	183.345215	1100.000000
	755300.277178	655429.061945	185.563492	181.404434	1200.000000
	755290.277178	655429.061945	175.563492	179.933960	1300.000000
	755280.277178	655429.061945	165.563492	179.205978	2400.000000
	755320.277178	655439.061945	209.705627	184.959351	500.000000
	755310.277178	655439.061945	199.705627	183.017578	600.000000
	755300.277178	655439.061945	189.705627	181.391785	600.000000
	755290.277178	655439.061945	179.705627	180.238770	1000.000000
	755280.277178	655429.061945	165.563492	179.205978	2400.000000
	755860.277178	655469.061945	122.426407	247.060089	500.000000
	755860.277178	655479.061945	112.426407	243.077560	600.000000
	755860.277178	655489.061945	102.426407	240.259613	700.000000
	755860.277178	655499.061945	92.426407	239.077301	1000.000000
	755870.277178	655509.061945	78.284271	237.810120	1200.000000
	755870.277178	655519.061945	68.284271	236.762787	1300.000000
	755870.277178	655529.061945	58.284271	235.779526	1300.000000
	755860.277178	655539.061945	44.142136	234.410858	1500.000000
	755860.277178	655549.061945	34.142136	233.110291	1900.000000
	755860.277178	655559.061945	24.142136	231.823380	2100.000000
	755850.277178	655569.061945	10.000000	229.914154	2500.000000
	755850.277178	655579.061945	0.000000	228.839096	2500.000000
	756060.277178	655479.061945	70.000000	233.286743	500.000000
	756070.277178	655479.061945	60.000000	228.136902	600.000000
	756080.277178	655479.061945	50.000000	222.260468	700.000000
	756090.277178	655479.061945	40.000000	216.888916	800.000000
	756100.277178	655479.061945	30.000000	212.024857	800.000000
	756110.277178	655479.061945	20.000000	208.347672	800.000000
	756120.277178	655479.061945	10.000000	205.176758	900.000000
	756130.277178	655479.061945	0.000000	202.427551	1000.000000
	755270.277178	655549.061945	42.426407	166.320648	500.000000
	755260.277178	655559.061945	28.284271	160.537888	600.000000
	755250.277178	655569.061945	14.142136	155.052017	700.000000
	755240.277178	655579.061945	0.000000	149.536545	700.000000
	755640.277178	655179.061945	869.411499	191.180893	10500.000000
	755630.277178	655169.061945	855.269348	190.056412	10900.000000
	755630.277178	655159.061945	845.269348	190.011642	11000.000000
	755630.277178	655149.061945	835.269348	190.011642	11100.000000
	755630.277178	655139.061945	825.269348	190.011642	11200.000000
	755630.277178	655129.061945	815.269348	190.011642	11300.000000
	755630.277178	655119.061945	805.269348	190.011642	11700.000000
	755630.277178	655109.061945	795.269348	189.996811	12100.000000
	755630.277178	655099.061945	785.269348	189.977188	12300.000000
	755640.277178	655089.061945	771.127197	189.397324	12400.000000
	755640.277178	655079.061945	761.127197	188.935196	12600.000000
	755640.277178	655069.061945	751.127197	188.604889	12700.000000
	755640.277178	655059.061945	741.127197	188.306152	12800.000000
	755650.277178	655049.061945	726.985046	187.845886	12900.000000
	755650.277178	655039.061945	716.985046	186.104782	13000.000000
	755660.277178	655029.061945	702.842896	183.395081	13100.000000
	755660.277178	655019.061945	692.842896	180.826569	13200.000000
	755660.277178	655009.061945	682.842896	180.012741	13300.000000
	755670.277178	654999.061945	668.700745	179.705139	13300.000000
	755660.277178	654989.061945	654.558594	179.505493	21500.000000
	755780.277178	655189.061945	1021.837952	216.696228	4000.000000
	755770.277178	655189.061945	1011.837952	216.403198	4200.000000
	755760.277178	655189.061945	1001.837952	216.135895	4300.000000
	755750.277178	655189.061945	991.837952	215.843201	4400.000000
	755740.277178	655189.061945	981.837952	215.516785	4400.000000
	755730.277178	655189.061945	971.837952	214.652344	4400.000000
	755720.277178	655189.061945	961.837952	213.156982	4400.000000
	755710.277178	655189.061945	951.837952	211.271622	4400.000000
	755700.277178	655199.061945	937.695801	209.613190	4900.000000
	755690.277178	655199.061945	927.695801	207.790588	5000.000000
	755680.277178	655199.061945	917.695801	205.458038	5100.000000
	755670.277178	655199.061945	907.695801	202.657166	5200.000000
	755660.277178	655199.061945	897.695801	199.761566	5200.000000
	755650.277178	655189.061945	883.553650	195.647720	5300.000000
	755640.277178	655179.061945	869.411499	191.180893	10500.000000
	755640.277178	655209.061945	899.411499	198.360413	4900.000000
	755640.277178	655199.061945	889.411499	195.888382	5000.000000
	755640.277178	655189.061945	879.411499	193.342911	5100.000000
	755640.277178	655179.061945	869.411499	191.180893	10500.000000
	755820.277178	655219.061945	1074.264160	219.274704	2600.000000
	755810.277178	655209.061945	1060.122070	218.589386	2700.000000
	755800.277178	655199.061945	1045.979980	217.811249	2700.000000
	755790.277178	655189.061945	1031.837891	217.037628	3200.000000
	755780.277178	655189.061945	1021.837952	216.696228	4000.000000
	755830.277178	655239.061945	1098.406250	221.329071	1200.000000
	755820.277178	655229.061945	1084.264160	219.986267	1400.000000
	755820.277178	655219.061945	1074.264160	219.274704	2600.000000
	755690.277178	654979.061945	688.700745	180.015244	7700.000000
	755680.277178	654989.061945	674.558594	179.674286	7900.000000
	755670.277178	654989.061945	664.558594	179.640717	8000.000000
	755660.277178	654989.061945	654.558594	179.505493	21500.000000
	755700.277178	654969.061945	702.842896	181.750412	3300.000000
	755690.277178	654979.061945	688.700745	180.015244	7700.000000
	755740.277178	654839.061945	849.411499	203.810486	500.000000
	755740.277178	654849.061945	839.411499	202.983292	1000.000000
	755740.277178	654859.061945	829.411499	202.309845	1400.000000
	755730.277178	654869.061945	815.269348	201.021881	1900.000000
	755730.277178	654879.061945	805.269348	199.939209	2000.000000
	755730.277178	654889.061945	795.269348	199.079437	2100.000000
	755730.277178	654899.061945	785.269348	198.291687	2100.000000
	755730.277178	654909.061945	775.269348	197.082565	2100.000000
	755730.277178	654919.061945	765.269348	195.049515	2100.000000
	755730.277178	654929.061945	755.269348	192.276184	2100.000000
	755720.277178	654939.061945	741.127197	188.998276	2600.000000
	755720.277178	654949.061945	731.127197	186.833099	2600.000000
	755710.277178	654959.061945	716.985046	184.305359	2700.000000
	755700.277178	654969.061945	702.842896	181.750412	3300.000000
	755680.277178	655409.061945	1115.979980	240.045013	2700.000000
	755680.277178	655399.061945	1105.979980	240.027206	2800.000000
	755680.277178	655389.061945	1095.979980	240.012589	2900.000000
	755680.277178	655379.061945	1085.979980	239.999329	3000.000000
	755670.277178	655369.061945	1071.837891	239.978790	3200.000000
	755670.277178	655359.061945	1061.837891	239.962311	3300.000000
	755670.277178	655349.061945	1051.837891	239.948822	3400.000000
	755660.277178	655339.061945	1037.695801	239.316055	3500.000000
	755660.277178	655329.061945	1027.695801	238.811768	3700.000000
	755660.277178	655319.061945	1017.695801	237.649933	3700.000000
	755650.277178	655309.061945	1003.553650	234.581238	3900.000000
	755650.277178	655299.061945	993.553650	230.966965	4000.000000
	755650.277178	655289.061945	983.553650	227.168030	4100.000000
	755650.277178	655279.061945	973.553650	222.897003	4100.000000
	755650.277178	655269.061945	963.553650	218.567886	4100.000000
	755650.277178	655259.061945	953.553650	214.275330	4100.000000
	755650.277178	655249.061945	943.553650	210.566330	4100.000000
	755650.277178	655239.061945	933.553650	207.281677	4100.000000
	755650.277178	655229.061945	923.553650	204.208405	4100.000000
	755650.277178	655219.061945	913.553650	201.474945	4100.000000
	755640.277178	655209.061945	899.411499	198.360413	4900.000000
	755840.277178	655289.061945	1152.548340	234.569336	500.000000
	755840.277178	655279.061945	1142.548340	230.342926	600.000000
	755840.277178	655269.061945	1132.548340	227.171356	600.000000
	755840.277178	655259.061945	1122.548340	224.851624	600.000000
	755840.277178	655249.061945	1112.548340	223.256302	600.000000
	755830.277178	655239.061945	1098.406250	221.329071	1200.000000
	755830.277178	654999.061945	836.985046	205.506897	3000.000000
	755820.277178	654999.061945	826.985046	204.445435	3400.000000
	755810.277178	654989.061945	812.842896	202.669434	3500.000000
	755800.277178	654989.061945	802.842896	200.648865	3700.000000
	755790.277178	654989.061945	792.842896	200.162048	3800.000000
	755780.277178	654979.061945	778.700745	199.156250	3900.000000
	755770.277178	654979.061945	768.700745	197.236115	4000.000000
	755760.277178	654979.061945	758.700745	194.425751	4100.000000
	755750.277178	654979.061945	748.700745	191.295471	4100.000000
	755740.277178	654979.061945	738.700745	188.970474	4100.000000
	755730.277178	654979.061945	728.700745	187.020660	4100.000000
	755720.277178	654979.061945	718.700745	185.105850	4100.000000
	755710.277178	654979.061945	708.700745	183.204742	4100.000000
	755700.277178	654979.061945	698.700745	181.373779	4200.000000
	755690.277178	654979.061945	688.700745	180.015244	7700.000000
	755840.277178	655009.061945	851.127197	206.518860	2300.000000
	755830.277178	654999.061945	836.985046	205.506897	3000.000000
	755390.277178	655149.061945	678.700745	168.906219	2500.000000
	755390.277178	655139.061945	668.700745	168.595917	3800.000000
	755380.277178	655179.061945	712.842896	170.177811	1300.000000
	755380.277178	655169.061945	702.842896	169.759644	1400.000000
	755380.277178	655159.061945	692.842896	169.381271	1400.000000
	755390.277178	655149.061945	678.700745	168.906219	2500.000000
	755710.277178	654969.061945	712.842896	182.955658	500.000000
	755700.277178	654969.061945	702.842896	181.750412	3300.000000
	755290.277178	654969.061945	622.132141	177.939514	800.000000
	755300.277178	654969.061945	612.132141	177.516098	1400.000000
	755290.277178	654979.061945	626.274292	178.085312	500.000000
	755300.277178	654969.061945	612.132141	177.516098	1400.000000
	755860.277178	654999.061945	866.985046	208.485413	500.000000
	755850.277178	654999.061945	856.985046	207.366379	500.000000
	755840.277178	654999.061945	846.985046	206.444412	600.000000
	755830.277178	654999.061945	836.985046	205.506897	3000.000000
	755900.277178	655069.061945	935.980103	223.222961	500.000000
	755890.277178	655059.061945	921.837952	220.136765	600.000000
	755880.277178	655049.061945	907.695801	217.212296	600.000000
	755870.277178	655039.061945	893.553650	213.763443	700.000000
	755860.277178	655029.061945	879.411499	210.374405	700.000000
	755850.277178	655019.061945	865.269348	208.088501	900.000000
	755840.277178	655009.061945	851.127197	206.518860	2300.000000
	755970.277178	655079.061945	1010.122253	237.462097	500.000000
	755960.277178	655079.061945	1000.122253	235.284943	600.000000
	755950.277178	655079.061945	990.122253	232.694458	700.000000
	755940.277178	655079.061945	980.122253	230.223343	800.000000
	755930.277178	655079.061945	970.122253	228.700775	800.000000
	755920.277178	655069.061945	955.980103	226.535919	900.000000
	755910.277178	655059.061945	941.837952	223.604340	1000.000000
	755900.277178	655059.061945	931.837952	221.097244	1000.000000
	755890.277178	655049.061945	917.695801	218.383591	1000.000000
	755880.277178	655039.061945	903.553650	215.215714	1000.000000
	755870.277178	655029.061945	889.411499	211.674042	1000.000000
	755860.277178	655019.061945	875.269348	208.858688	1100.000000
	755850.277178	655009.061945	861.127197	207.219116	1400.000000
	755840.277178	655009.061945	851.127197	206.518860	2300.000000
	755170.277178	655079.061945	10.000000	164.200287	500.000000
	755160.277178	655079.061945	0.000000	161.943115	500.000000
	756070.277178	655119.061945	68.284271	233.208542	500.000000
	756080.277178	655119.061945	58.284271	231.112732	500.000000
	756090.277178	655129.061945	44.142136	228.398376	800.000000
	756100.277178	655129.061945	34.142136	226.253906	900.000000
	756110.277178	655129.061945	24.142136	223.894913	1200.000000
	756120.277178	655139.061945	10.000000	220.466248	1400.000000
	756130.277178	655139.061945	0.000000	218.691650	1400.000000
	755330.277178	655129.061945	732.842896	183.560287	500.000000
	755340.277178	655129.061945	722.842896	179.922440	500.000000
	755350.277178	655129.061945	712.842896	176.563812	700.000000
	755360.277178	655129.061945	702.842896	173.646667	700.000000
	755370.277178	655139.061945	688.700745	170.390564	900.000000
	755380.277178	655139.061945	678.700745	169.448929	900.000000
	755390.277178	655139.061945	668.700745	168.595917	3800.000000
	755790.277178	655179.061945	1035.980103	217.147858	700.000000
	755780.277178	655189.061945	1021.837952	216.696228	4000.000000
	755380.277178	655189.061945	722.842896	172.348663	500.000000
	755380.277178	655179.061945	712.842896	170.177811	1300.000000
	755440.277178	655199.061945	755.269348	188.494019	500.000000
	755430.277178	655189.061945	741.127197	182.584198	500.000000
	755420.277178	655179.061945	726.985046	177.420151	800.000000
	755410.277178	655179.061945	716.985046	174.379608	800.000000
	755400.277178	655169.061945	702.842896	170.988556	900.000000
	755390.277178	655159.061945	688.700745	169.345383	1000.000000
	755390.277178	655149.061945	678.700745	168.906219	2500.000000
	755640.277178	655239.061945	929.411499	206.293213	500.000000
	755640.277178	655229.061945	919.411499	203.340210	600.000000
	755640.277178	655219.061945	909.411499	200.610458	700.000000
	755640.277178	655209.061945	899.411499	198.360413	4900.000000
	755360.277178	655239.061945	781.127197	193.835693	500.000000
	755360.277178	655229.061945	771.127197	189.698792	500.000000
	755360.277178	655219.061945	761.127197	185.572845	500.000000
	755370.277178	655209.061945	746.985046	180.050064	700.000000
	755370.277178	655199.061945	736.985046	176.404358	700.000000
	755370.277178	655189.061945	726.985046	173.413361	700.000000
	755380.277178	655179.061945	712.842896	170.177811	1300.000000
	755830.277178	655259.061945	1118.406250	224.603516	500.000000
	755830.277178	655249.061945	1108.406250	222.682953	600.000000
	755830.277178	655239.061945	1098.406250	221.329071	1200.000000
	755890.277178	655269.061945	1164.974609	237.790955	600.000000
	755880.277178	655269.061945	1154.974609	234.381058	600.000000
	755870.277178	655259.061945	1140.832520	230.136459	800.000000
	755860.277178	655259.061945	1130.832520	227.699387	800.000000
	755850.277178	655249.061945	1116.690430	224.645737	900.000000
	755840.277178	655239.061945	1102.548340	222.278778	1000.000000
	755830.277178	655229.061945	1088.406250	220.475220	1200.000000
	755820.277178	655219.061945	1074.264160	219.274704	2600.000000
	755380.277178	654799.061945	248.994949	149.934555	35800.000000
	755370.277178	654799.061945	238.994949	149.934555	35800.000000
	755360.277178	654789.061945	224.852814	149.934555	36100.000000
	755350.277178	654789.061945	214.852814	149.934555	36200.000000
	755340.277178	654779.061945	200.710678	149.706635	36300.000000
	755330.277178	654779.061945	190.710678	149.314896	36500.000000
	755320.277178	654779.061945	180.710678	148.993973	36600.000000
	755310.277178	654769.061945	166.568542	148.497253	36800.000000
	755300.277178	654769.061945	156.568542	148.099777	36900.000000
	755290.277178	654769.061945	146.568542	147.664520	37000.000000
	755280.277178	654759.061945	132.426407	146.987869	37100.000000
	755270.277178	654759.061945	122.426407	146.545502	37300.000000
	755260.277178	654749.061945	108.284271	145.931381	37400.000000
	755250.277178	654749.061945	98.284271	145.435364	37600.000000
	755240.277178	654749.061945	88.284271	144.977417	37700.000000
	755230.277178	654749.061945	78.284271	144.547699	37700.000000
	755220.277178	654739.061945	64.142136	143.865631	37900.000000
	755210.277178	654739.061945	54.142136	143.046921	38000.000000
	755200.277178	654739.061945	44.142136	142.157166	38000.000000
	755190.277178	654729.061945	30.000000	140.808258	38200.000000
	755180.277178	654729.061945	20.000000	140.002060	38300.000000
	755170.277178	654729.061945	10.000000	139.724777	38400.000000
	755160.277178	654729.061945	0.000000	139.394318	38500.000000
	755460.277178	654929.061945	429.705688	156.170349	32600.000000
	755460.277178	654919.061945	419.705688	156.055298	32800.000000
	755460.277178	654909.061945	409.705688	155.918579	32900.000000
	755460.277178	654899.061945	399.705688	155.705322	33000.000000
	755460.277178	654889.061945	389.705688	155.501144	33100.000000
	755450.277178	654879.061945	375.563538	155.171509	33200.000000
	755450.277178	654869.061945	365.563538	154.901123	33400.000000
	755450.277178	654859.061945	355.563538	154.611954	33500.000000
	755440.277178	654849.061945	341.421387	153.449585	33600.000000
	755440.277178	654839.061945	331.421387	152.153900	33600.000000
	755430.277178	654829.061945	317.279236	150.173645	33900.000000
	755430.277178	654819.061945	307.279236	149.934555	34100.000000
	755420.277178	654819.061945	297.279236	149.934555	34200.000000
	755410.277178	654819.061945	287.279236	149.934555	34200.000000
	755400.277178	654809.061945	273.137085	149.934555	34200.000000
	755390.277178	654809.061945	263.137085	149.934555	34200.000000
	755380.277178	654799.061945	248.994949	149.934555	35800.000000
	755660.277178	654989.061945	654.558594	179.505493	21500.000000
	755650.277178	654989.061945	644.558594	179.371857	21600.000000
	755640.277178	654979.061945	630.416443	179.165543	21800.000000
	755630.277178	654979.061945	620.416443	179.000824	21900.000000
	755620.277178	654969.061945	606.274292	178.746185	22100.000000
	755610.277178	654969.061945	596.274292	178.542770	22200.000000
	755600.277178	654959.061945	582.132141	178.201416	22300.000000
	755590.277178	654959.061945	572.132141	176.667297	22400.000000
	755580.277178	654959.061945	562.132141	175.030685	22400.000000
	755570.277178	654949.061945	547.989990	172.346375	22600.000000
	755560.277178	654949.061945	537.989990	170.083679	22700.000000
	755550.277178	654949.061945	527.989990	168.556671	22800.000000
	755540.277178	654949.061945	517.989990	167.324265	22800.000000
	755530.277178	654949.061945	507.989990	165.944305	22800.000000
	755520.277178	654949.061945	497.989990	164.371368	22800.000000
	755510.277178	654939.061945	483.847839	161.921295	23200.000000
	755500.277178	654939.061945	473.847839	160.142593	23300.000000
	755490.277178	654939.061945	463.847839	158.867432	23300.000000
	755480.277178	654939.061945	453.847839	157.677490	23300.000000
	755470.277178	654939.061945	443.847839	156.798172	23300.000000
	755460.277178	654929.061945	429.705688	156.170349	32600.000000
	755450.277178	654949.061945	453.847839	156.700470	8900.000000
	755460.277178	654939.061945	439.705688	156.371185	9000.000000
	755460.277178	654929.061945	429.705688	156.170349	32600.000000
	755390.277178	655139.061945	668.700745	168.595917	3800.000000
	755400.277178	655129.061945	654.558594	168.161819	3900.000000
	755400.277178	655119.061945	644.558594	167.815002	4100.000000
	755410.277178	655109.061945	630.416443	167.336349	4200.000000
	755410.277178	655099.061945	620.416443	166.953018	4400.000000
	755420.277178	655089.061945	606.274292	166.358505	4600.000000
	755420.277178	655079.061945	596.274292	165.882446	4700.000000
	755430.277178	655069.061945	582.132141	165.143417	4800.000000
	755430.277178	655059.061945	572.132141	164.551575	4900.000000
	755430.277178	655049.061945	562.132141	163.567657	5000.000000
	755430.277178	655039.061945	552.132141	162.231888	5000.000000
	755440.277178	655029.061945	537.989990	160.027252	5200.000000
	755440.277178	655019.061945	527.989990	159.255859	5300.000000
	755440.277178	655009.061945	517.989990	158.984039	5400.000000
	755440.277178	654999.061945	507.989990	158.684174	5500.000000
	755440.277178	654989.061945	497.989990	158.351654	5600.000000
	755450.277178	654979.061945	483.847839	157.836990	5700.000000
	755450.277178	654969.061945	473.847839	157.424667	5800.000000
	755450.277178	654959.061945	463.847839	157.047379	5900.000000
	755450.277178	654949.061945	453.847839	156.700470	8900.000000
	755300.277178	654969.061945	612.132141	177.516098	1400.000000
	755310.277178	654969.061945	602.132141	177.133606	1500.000000
	755320.277178	654959.061945	587.989990	176.544098	1700.000000
	755330.277178	654959.061945	577.989990	176.075195	1800.000000
	755340.277178	654959.061945	567.989990	174.987427	1900.000000
	755350.277178	654959.061945	557.989990	173.190491	2000.000000
	755360.277178	654959.061945	547.989990	171.006088	2100.000000
	755370.277178	654959.061945	537.989990	170.012344	2200.000000
	755380.277178	654959.061945	527.989990	169.124313	2300.000000
	755390.277178	654959.061945	517.989990	167.680420	2400.000000
	755400.277178	654959.061945	507.989990	165.320511	2500.000000
	755410.277178	654959.061945	497.989990	162.584595	2600.000000
	755420.277178	654959.061945	487.989990	160.086700	2700.000000
	755430.277178	654959.061945	477.989990	158.468872	2800.000000
	755440.277178	654959.061945	467.989990	157.461182	2800.000000
	755450.277178	654949.061945	453.847839	156.700470	8900.000000
	756000.277178	654669.061945	1202.964600	187.114929	6700.000000
	755990.277178	654659.061945	1188.822510	186.809753	6800.000000
	755980.277178	654649.061945	1174.680420	186.415680	9300.000000
	755950.277178	654839.061945	1401.959229	204.585007	3700.000000
	755960.277178	654829.061945	1387.817139	203.923981	3800.000000
	755970.277178	654819.061945	1373.675049	202.403168	3900.000000
	755970.277178	654809.061945	1363.675049	200.491028	4200.000000
	755980.277178	654799.061945	1349.532959	199.876678	4300.000000
	755980.277178	654789.061945	1339.532959	199.453720	4500.000000
	755990.277178	654779.061945	1325.390869	198.802063	4600.000000
	755990.277178	654769.061945	1315.390869	198.282715	4700.000000
	755990.277178	654759.061945	1305.390869	197.191803	4700.000000
	755990.277178	654749.061945	1295.390869	195.740234	4700.000000
	755990.277178	654739.061945	1285.390869	194.130737	4700.000000
	756000.277178	654729.061945	1271.248779	191.853577	5000.000000
	756000.277178	654719.061945	1261.248779	190.566452	5000.000000
	756010.277178	654709.061945	1247.106689	189.452576	5700.000000
	756010.277178	654699.061945	1237.106689	188.722504	5800.000000
	756010.277178	654689.061945	1227.106689	188.049957	5800.000000
	756010.277178	654679.061945	1217.106689	187.558823	5900.000000
	756000.277178	654669.061945	1202.964600	187.114929	6700.000000
	755940.277178	654849.061945	1416.101318	205.181152	2000.000000
	755950.277178	654839.061945	1401.959229	204.585007	3700.000000
	756010.277178	654669.061945	1212.964600	187.459320	500.000000
	756000.277178	654669.061945	1202.964600	187.114929	6700.000000
	755850.277178	654709.061945	1335.390869	203.126007	500.000000
	755860.277178	654709.061945	1325.390869	201.242798	600.000000
	755870.277178	654709.061945	1315.390869	200.049088	800.000000
	755880.277178	654709.061945	1305.390869	199.979401	900.000000
	755890.277178	654709.061945	1295.390869	199.475098	1500.000000
	755900.277178	654709.061945	1285.390869	199.066650	1600.000000
	755910.277178	654709.061945	1275.390869	198.409958	2100.000000
	755920.277178	654709.061945	1265.390869	197.683304	2100.000000
	755930.277178	654699.061945	1251.248779	195.789337	2200.000000
	755940.277178	654699.061945	1241.248779	193.612274	2200.000000
	755950.277178	654689.061945	1227.106689	190.497925	2200.000000
	755960.277178	654679.061945	1212.964600	188.754944	2200.000000
	755970.277178	654669.061945	1198.822510	187.530518	2200.000000
	755980.277178	654659.061945	1184.680420	186.720215	2400.000000
	755980.277178	654649.061945	1174.680420	186.415680	9300.000000
	755450.277178	654709.061945	391.421387	169.017426	500.000000
	755450.277178	654719.061945	381.421387	167.098770	600.000000
	755450.277178	654729.061945	371.421387	164.456497	600.000000
	755450.277178	654739.061945	361.421387	161.771057	600.000000
	755440.277178	654749.061945	347.279236	159.489471	900.000000
	755440.277178	654759.061945	337.279236	158.264343	900.000000
	755430.277178	654769.061945	323.137085	155.773712	1000.000000
	755420.277178	654779.061945	308.994934	152.498444	1000.000000
	755420.277178	654789.061945	298.994934	150.473541	1000.000000
	755420.277178	654799.061945	288.994934	149.934555	1000.000000
	755410.277178	654799.061945	278.994934	149.934555	1100.000000
	755400.277178	654799.061945	268.994934	149.934555	1400.000000
	755390.277178	654799.061945	258.994934	149.934555	1500.000000
	755380.277178	654799.061945	248.994949	149.934555	35800.000000
	755870.277178	654859.061945	1490.243408	213.504288	500.000000
	755880.277178	654859.061945	1480.243408	210.701263	600.000000
	755890.277178	654859.061945	1470.243408	208.869171	700.000000
	755900.277178	654859.061945	1460.243408	207.594116	800.000000
	755910.277178	654859.061945	1450.243408	206.738068	900.000000
	755920.277178	654859.061945	1440.243408	206.176987	900.000000
	755930.277178	654859.061945	1430.243408	205.759613	900.000000
	755940.277178	654849.061945	1416.101318	205.181152	2000.000000
	755940.277178	654909.061945	1476.101318	210.351852	500.000000
	755940.277178	654899.061945	1466.101318	208.931824	500.000000
	755940.277178	654889.061945	1456.101318	207.801117	600.000000
	755940.277178	654879.061945	1446.101318	206.820801	700.000000
	755940.277178	654869.061945	1436.101318	206.033356	800.000000
	755940.277178	654859.061945	1426.101318	205.493835	900.000000
	755940.277178	654849.061945	1416.101318	205.181152	2000.000000
	756070.277178	654929.061945	1576.811768	237.736008	500.000000
	756060.277178	654929.061945	1566.811768	235.525513	600.000000
	756050.277178	654929.061945	1556.811768	233.131439	600.000000
	756040.277178	654929.061945	1546.811768	230.724167	600.000000
	756030.277178	654919.061945	1532.669678	227.860657	1100.000000
	756020.277178	654919.061945	1522.669678	225.748138	1100.000000
	756010.277178	654909.061945	1508.527588	222.692688	1200.000000
	756000.277178	654909.061945	1498.527588	220.138199	1200.000000
	755990.277178	654899.061945	1484.385498	216.799591	1300.000000
	755980.277178	654889.061945	1470.243408	212.937119	1300.000000
	755970.277178	654889.061945	1460.243408	210.382629	1300.000000
	755960.277178	654879.061945	1446.101318	207.871033	1300.000000
	755950.277178	654869.061945	1431.959229	206.230347	1400.000000
	755950.277178	654859.061945	1421.959229	205.625687	1400.000000
	755950.277178	654849.061945	1411.959229	205.095840	1500.000000
	755950.277178	654839.061945	1401.959229	204.585007	3700.000000
	755310.277178	654309.061945	0.000000	148.699417	40100.000000
	755310.277178	654309.061945	0.000000	148.699417	40100.000000
	755310.277178	654419.061945	118.284271	149.913742	36900.000000
	755310.277178	654409.061945	108.284271	149.913742	37300.000000
	755310.277178	654399.061945	98.284271	149.913742	37800.000000
	755310.277178	654389.061945	88.284271	149.913742	37800.000000
	755320.277178	654379.061945	74.142136	149.705368	38400.000000
	755320.277178	654369.061945	64.142136	149.570160	38500.000000
	755320.277178	654359.061945	54.142136	149.447769	38700.000000
	755320.277178	654349.061945	44.142136	149.336929	38900.000000
	755320.277178	654339.061945	34.142136	149.236496	39000.000000
	755320.277178	654329.061945	24.142136	149.145462	39100.000000
	755310.277178	654319.061945	10.000000	149.030991	39200.000000
	755310.277178	654309.061945	0.000000	148.699417	40100.000000
	755340.277178	654529.061945	240.710678	150.292542	35000.000000
	755340.277178	654519.061945	230.710678	150.292542	35100.000000
	755330.277178	654509.061945	216.568542	150.292542	35300.000000
	755330.277178	654499.061945	206.568542	150.292542	35400.000000
	755320.277178	654489.061945	192.426407	150.292542	35500.000000
	755320.277178	654479.061945	182.426407	150.129913	35700.000000
	755320.277178	654469.061945	172.426407	150.027557	35800.000000
	755320.277178	654459.061945	162.426407	149.976288	35900.000000
	755320.277178	654449.061945	152.426407	149.929901	36000.000000
	755310.277178	654439.061945	138.284271	149.913742	36200.000000
	755310.277178	654429.061945	128.284271	149.913742	36300.000000
	755310.277178	654419.061945	118.284271	149.913742	36900.000000
	755400.277178	654539.061945	304.852814	155.932251	32100.000000
	755390.277178	654539.061945	294.852814	155.932251	32200.000000
	755380.277178	654539.061945	284.852814	155.462067	32300.000000
	755370.277178	654539.061945	274.852814	154.334259	32400.000000
	755360.277178	654539.061945	264.852814	152.785461	32400.000000
	755350.277178	654529.061945	250.710678	150.301285	32600.000000
	755340.277178	654529.061945	240.710678	150.292542	35000.000000
	755430.277178	654519.061945	343.137115	155.932251	30600.000000
	755420.277178	654529.061945	328.994965	155.932251	30700.000000
	755410.277178	654529.061945	318.994965	155.932251	30700.000000
	755400.277178	654539.061945	304.852814	155.932251	32100.000000
	755720.277178	654379.061945	761.837952	167.426025	19800.000000
	755710.277178	654379.061945	751.837952	167.347382	20000.000000
	755700.277178	654379.061945	741.837952	167.265823	20200.000000
	755690.277178	654379.061945	731.837952	167.165588	20300.000000
	755680.277178	654379.061945	721.837952	167.045410	20400.000000
	755670.277178	654379.061945	711.837952	166.903549	20500.000000
	755660.277178	654369.061945	697.695801	166.672836	20800.000000
	755650.277178	654359.061945	683.553650	166.409790	20900.000000
	755640.277178	654349.061945	669.411499	165.552002	21000.000000
	755630.277178	654349.061945	659.411499	164.544952	21000.000000
	755620.277178	654339.061945	645.269348	162.888382	21200.000000
	755610.277178	654339.061945	635.269348	161.434494	21400.000000
	755600.277178	654339.061945	625.269348	160.166214	21400.000000
	755590.277178	654329.061945	611.127197	159.606659	21600.000000
	755580.277178	654329.061945	601.127197	159.551361	21700.000000
	755570.277178	654339.061945	586.985046	159.482101	22100.000000
	755560.277178	654349.061945	572.842896	159.419495	22300.000000
	755550.277178	654359.061945	558.700745	159.350342	22500.000000
	755540.277178	654369.061945	544.558594	159.273895	22700.000000
	755530.277178	654379.061945	530.416443	159.204712	22900.000000
	755520.277178	654389.061945	516.274292	159.142075	23100.000000
	755510.277178	654399.061945	502.132172	159.085327	23300.000000
	755500.277178	654409.061945	487.990021	159.022614	23400.000000
	755500.277178	654419.061945	477.990021	158.846634	23600.000000
	755490.277178	654429.061945	463.847870	158.625702	23800.000000
	755490.277178	654439.061945	453.847870	158.482239	23900.000000
	755480.277178	654449.061945	439.705719	158.278839	24100.000000
	755480.277178	654459.061945	429.705719	158.117737	24200.000000
	755470.277178	654469.061945	415.563568	157.215012	24300.000000
	755470.277178	654479.061945	405.563568	156.010010	24300.000000
	755470.277178	654489.061945	395.563568	155.932251	24300.000000
	755460.277178	654499.061945	381.421417	155.932251	24300.000000
	755450.277178	654499.061945	371.421417	155.932251	24500.000000
	755440.277178	654509.061945	357.279266	155.932251	24500.000000
	755430.277178	654519.061945	343.137115	155.932251	30600.000000
	755800.277178	654479.061945	906.690857	168.933197	16200.000000
	755800.277178	654469.061945	896.690857	168.845245	16300.000000
	755790.277178	654459.061945	882.548706	168.713135	16500.000000
	755790.277178	654449.061945	872.548706	168.629059	16600.000000
	755780.277178	654439.061945	858.406555	168.503677	16800.000000
	755780.277178	654429.061945	848.406555	168.405975	16900.000000
	755770.277178	654419.061945	834.264404	168.259323	17100.000000
	755770.277178	654409.061945	824.264404	168.144241	17200.000000
	755760.277178	654399.061945	810.122253	168.001648	17600.000000
	755750.277178	654389.061945	795.980103	167.856430	17700.000000
	755740.277178	654389.061945	785.980103	167.730042	17800.000000
	755730.277178	654379.061945	771.837952	167.515717	18000.000000
	755720.277178	654379.061945	761.837952	167.426025	19800.000000
	755890.277178	654529.061945	1017.401611	174.950470	13800.000000
	755880.277178	654529.061945	1007.401611	174.312210	14000.000000
	755870.277178	654529.061945	997.401611	173.291260	14000.000000
	755860.277178	654519.061945	983.259460	170.698944	14300.000000
	755850.277178	654519.061945	973.259460	170.038666	14500.000000
	755840.277178	654509.061945	959.117310	169.384048	14700.000000
	755830.277178	654509.061945	949.117310	169.309830	14800.000000
	755820.277178	654499.061945	934.975159	169.195862	15000.000000
	755810.277178	654489.061945	920.833008	169.070465	15200.000000
	755800.277178	654479.061945	906.690857	168.933197	16200.000000
	755540.277178	654569.061945	473.847870	159.386948	4600.000000
	755530.277178	654569.061945	463.847870	159.386948	5000.000000
	755520.277178	654559.061945	449.705719	159.386948	5500.000000
	755510.277178	654549.061945	435.563568	159.386948	5700.000000
	755500.277178	654539.061945	421.421417	158.942474	5800.000000
	755490.277178	654539.061945	411.421417	157.782883	5800.000000
	755480.277178	654529.061945	397.279266	155.932251	5900.000000
	755470.277178	654519.061945	383.137115	155.932251	6100.000000
	755460.277178	654519.061945	373.137115	155.932251	6100.000000
	755450.277178	654519.061945	363.137115	155.932251	6100.000000
	755440.277178	654519.061945	353.137115	155.932251	6100.000000
	755430.277178	654519.061945	343.137115	155.932251	30600.000000
	755540.277178	654569.061945	473.847870	159.386948	4600.000000
	755540.277178	654569.061945	473.847870	159.386948	4600.000000
	755550.277178	654579.061945	487.990021	160.514664	3400.000000
	755540.277178	654569.061945	473.847870	159.386948	4600.000000
	755980.277178	654649.061945	1174.680420	186.415680	9300.000000
	755970.277178	654639.061945	1160.538330	185.610413	9400.000000
	755960.277178	654629.061945	1146.396240	184.083771	9500.000000
	755960.277178	654619.061945	1136.396240	182.252441	9500.000000
	755960.277178	654609.061945	1126.396240	180.780273	9800.000000
	755950.277178	654599.061945	1112.254150	179.686859	10100.000000
	755940.277178	654589.061945	1098.112061	179.292374	10300.000000
	755930.277178	654579.061945	1083.969971	178.936768	10500.000000
	755920.277178	654569.061945	1069.827881	178.554077	11000.000000
	755920.277178	654559.061945	1059.827881	177.865906	11000.000000
	755910.277178	654549.061945	1045.685791	176.829788	11100.000000
	755900.277178	654539.061945	1031.543701	175.745392	11500.000000
	755890.277178	654529.061945	1017.401611	174.950470	13800.000000
	755580.277178	654709.061945	630.416443	193.375519	500.000000
	755580.277178	654699.061945	620.416443	189.941498	500.000000
	755580.277178	654689.061945	610.416443	186.685181	500.000000
	755580.277178	654679.061945	600.416443	183.573624	500.000000
	755580.277178	654669.061945	590.416443	180.708176	500.000000
	755580.277178	654659.061945	580.416443	178.463837	500.000000
	755580.277178	654649.061945	570.416443	176.262390	500.000000
	755580.277178	654639.061945	560.416443	174.247559	500.000000
	755580.277178	654629.061945	550.416443	172.547272	500.000000
	755580.277178	654619.061945	540.416443	171.165710	500.000000
	755580.277178	654609.061945	530.416443	169.876099	500.000000
	755570.277178	654599.061945	516.274292	167.273346	500.000000
	755560.277178	654589.061945	502.132172	163.801697	500.000000
	755550.277178	654579.061945	487.990021	160.514664	3400.000000
	755330.277178	654539.061945	260.710693	151.457336	1800.000000
	755330.277178	654529.061945	250.710678	150.580322	2100.000000
	755340.277178	654529.061945	240.710678	150.292542	35000.000000
	755980.277178	654469.061945	1132.254150	187.224670	1400.000000
	755970.277178	654479.061945	1118.112061	186.918350	1500.000000
	755960.277178	654489.061945	1103.969971	186.577850	1600.000000
	755950.277178	654499.061945	1089.827881	184.479095	1600.000000
	755940.277178	654509.061945	1075.685791	181.024338	1600.000000
	755930.277178	654519.061945	1061.543701	178.796143	1700.000000
	755920.277178	654529.061945	1047.401611	177.175781	1800.000000
	755910.277178	654529.061945	1037.401611	176.535217	2200.000000
	755900.277178	654529.061945	1027.401611	175.882233	2200.000000
	755890.277178	654529.061945	1017.401611	174.950470	13800.000000
	755990.277178	654309.061945	0.000000	177.552292	500.000000
	755990.277178	654309.061945	0.000000	177.552292	500.000000
	755950.277178	654319.061945	24.142136	181.075500	500.000000
	755960.277178	654319.061945	14.142136	180.105865	500.000000
	755970.277178	654309.061945	0.000000	179.061279	500.000000
	755830.277178	654319.061945	916.690857	178.853119	500.000000
	755820.277178	654319.061945	906.690857	176.101639	600.000000
	755810.277178	654319.061945	896.690857	173.387314	600.000000
	755800.277178	654319.061945	886.690857	171.183716	600.000000
	755790.277178	654309.061945	872.548706	169.222778	700.000000
	755780.277178	654309.061945	862.548706	168.487457	800.000000
	755770.277178	654309.061945	852.548706	168.019699	800.000000
	755760.277178	654319.061945	838.406555	167.959244	1000.000000
	755760.277178	654329.061945	828.406555	167.910126	1100.000000
	755750.277178	654339.061945	814.264404	167.832199	1300.000000
	755740.277178	654349.061945	800.122253	167.742233	1500.000000
	755730.277178	654359.061945	785.980103	167.637360	1500.000000
	755730.277178	654369.061945	775.980103	167.547226	1700.000000
	755720.277178	654379.061945	761.837952	167.426025	19800.000000
	755240.277178	654319.061945	74.142136	169.874802	500.000000
	755250.277178	654319.061945	64.142136	169.557404	600.000000
	755260.277178	654309.061945	50.000000	167.852631	700.000000
	755270.277178	654309.061945	40.000000	164.527542	700.000000
	755280.277178	654309.061945	30.000000	159.963379	700.000000
	755290.277178	654309.061945	20.000000	155.034760	700.000000
	755300.277178	654309.061945	10.000000	150.885956	700.000000
	755310.277178	654309.061945	0.000000	148.699417	40100.000000
	756100.277178	654369.061945	68.284271	176.974640	600.000000
	756110.277178	654359.061945	54.142136	174.905533	800.000000
	756110.277178	654349.061945	44.142136	173.181305	800.000000
	756110.277178	654339.061945	34.142136	171.481079	800.000000
	756110.277178	654329.061945	24.142136	170.023163	800.000000
	756110.277178	654319.061945	14.142136	169.173248	800.000000
	756120.277178	654309.061945	0.000000	168.281738	1100.000000
	755270.277178	654419.061945	158.284271	169.204025	500.000000
	755280.277178	654419.061945	148.284271	163.854889	500.000000
	755290.277178	654419.061945	138.284271	158.078659	500.000000
	755300.277178	654419.061945	128.284271	152.615021	500.000000
	755310.277178	654419.061945	118.284271	149.913742	36900.000000
	755980.277178	654459.061945	1142.254150	187.615234	500.000000
	755980.277178	654469.061945	1132.254150	187.224670	1400.000000
	756020.277178	654469.061945	1172.254150	188.157471	500.000000
	756010.277178	654469.061945	1162.254150	187.945587	600.000000
	756000.277178	654469.061945	1152.254150	187.718384	700.000000
	755990.277178	654469.061945	1142.254150	187.464386	800.000000
	755980.277178	654469.061945	1132.254150	187.224670	1400.000000
	755760.277178	654509.061945	964.975159	176.542786	500.000000
	755770.277178	654509.061945	954.975159	174.793915	600.000000
	755780.277178	654499.061945	940.833008	171.930740	700.000000
	755790.277178	654499.061945	930.833008	170.267273	800.000000
	755800.277178	654489.061945	916.690857	169.126633	900.000000
	755800.277178	654479.061945	906.690857	168.933197	16200.000000
	755280.277178	654559.061945	318.994995	166.303970	500.000000
	755290.277178	654559.061945	308.994995	161.333923	600.000000
	755300.277178	654559.061945	298.994995	158.094116	600.000000
	755310.277178	654559.061945	288.994995	156.166290	600.000000
	755320.277178	654549.061945	274.852844	153.720612	600.000000
	755330.277178	654539.061945	260.710693	151.457336	1800.000000
	755560.277178	654569.061945	493.847870	161.553680	500.000000
	755550.277178	654569.061945	483.847870	159.938751	600.000000
	755540.277178	654569.061945	473.847870	159.386948	4600.000000
	756120.277178	654579.061945	30.000000	186.738724	500.000000
	756120.277178	654569.061945	20.000000	186.194901	1200.000000
	756130.277178	654569.061945	10.000000	186.065796	1400.000000
	756130.277178	654559.061945	0.000000	186.065796	1500.000000
	755540.277178	654579.061945	483.847870	160.053574	500.000000
	755540.277178	654569.061945	473.847870	159.386948	4600.000000
	755650.277178	654589.061945	608.700745	170.382553	500.000000
	755640.277178	654599.061945	594.558594	169.525131	600.000000
	755630.277178	654609.061945	580.416443	169.090927	1300.000000
	755620.277178	654609.061945	570.416443	168.775665	1800.000000
	755610.277178	654609.061945	560.416443	168.489853	2400.000000
	755600.277178	654599.061945	546.274292	168.048035	2600.000000
	755590.277178	654589.061945	532.132141	167.558624	2700.000000
	755580.277178	654579.061945	517.989990	165.813766	2800.000000
	755570.277178	654579.061945	507.990021	164.038101	2800.000000
	755560.277178	654579.061945	497.990021	162.137207	2800.000000
	755550.277178	654579.061945	487.990021	160.514664	3400.000000
	755410.277178	654609.061945	398.994965	173.617981	500.000000
	755410.277178	654599.061945	388.994965	170.096512	500.000000
	755410.277178	654589.061945	378.994965	166.565460	500.000000
	755410.277178	654579.061945	368.994965	163.162201	500.000000
	755410.277178	654569.061945	358.994965	160.103806	500.000000
	755410.277178	654559.061945	348.994965	157.763062	600.000000
	755410.277178	654549.061945	338.994965	156.084106	600.000000
	755420.277178	654549.061945	328.994965	155.932251	700.000000
	755410.277178	654539.061945	314.852814	155.932251	900.000000
	755400.277178	654539.061945	304.852814	155.932251	32100.000000
	755310.277178	654609.061945	338.994995	167.159134	700.000000
	755310.277178	654599.061945	328.994995	165.059967	800.000000
	755310.277178	654589.061945	318.994995	162.461655	900.000000
	755310.277178	654579.061945	308.994995	159.799118	1000.000000
	755310.277178	654569.061945	298.994995	157.624588	1000.000000
	755320.277178	654559.061945	284.852844	155.181061	1100.000000
	755330.277178	654549.061945	270.710693	152.902435	1200.000000
	755330.277178	654539.061945	260.710693	151.457336	1800.000000
